0	0.216440		0.215552	0
1	0.469709		0.482561	0
2	0.350673		0.454545	0
3	0.287208		0.014866	0
4	0.323501		0.382504	0
5	0.343445		-0.040595	0
6	0.226609		0.260720	0
7	0.281402		0.210978	0
8	0.221901		0.204117	0
9	0.191279		0.152659	0
10	0.193274		0.203545	0
11	0.239836		0.276158	0
12	0.209246		-0.094340	0
13	0.192283		0.475700	0
14	0.186601		0.092053	0
15	0.223401		0.396226	0
16	0.196641		0.210406	0
17	0.161500		0.070898	0
18	0.137225		-0.152087	0
19	0.171706		0.259005	0
20	0.163349		0.218411	1
21	0.156996		-0.081761	1
22	0.160438		0.052601	1
23	0.135496		-0.113208	1
24	0.141511		0.377358	1
25	0.135700		0.349914	1
26	0.138606		0.212121	1
27	0.120913		-0.018868	1
28	0.106063		0.113208	1
29	0.123480		0.094911	1
30	0.101445		0.215552	1
